10 10
1 1 1 1 1 1 1 1 1 1 
1 2 3 4 5 6 7 8 9 10 
1 3 6 10 15 21 28 36 45 55 
1 4 10 20 35 56 84 120 165 220 
1 5 15 35 70 126 210 330 495 221 
1 6 21 56 126 252 462 792 399 29 
1 7 28 84 210 462 924 532 44 7 
1 8 36 120 330 792 532 50 9 1 
1 9 45 165 495 399 44 9 1 0 
1 10 55 220 221 29 7 1 0 0 

La norma infinito della matrice P e' 2299
